% GentACases.data:
% 1st column - 0.047: d_deep
% 2nd column: Hs@1
% 3rd column: Hm0@1
% 4th column: Tm-1,0
% 5th column: Tp
% 6th column: Runup 2%
GentACases.data = [0.653, 0.145, 0.148, 2.27, 2.48, 0.41; ...
                 0.653, 0.146, 0.150, 1.82, 2.00, 0.33; ...
                 0.653, 0.144, 0.149, 1.55, 1.64, 0.26;...
                 0.488, 0.144, 0.142, 2.29, 2.48, 0.31;...
                 0.488, 0.142, 0.146, 1.87, 2.00, 0.28;...
                 0.488, 0.138, 0.143, 1.54, 1.64, 0.24;...
                 0.394, 0.137, 0.139, 2.23, 2.41, 0.19;...
                 0.394, 0.141, 0.143, 1.88, 2.00, 0.18;...
                 0.394, 0.135, 0.139, 1.60, 1.64, 0.16;...
                 0.347, 0.133, 0.135, 2.21, 2.41, 0.14;...
                 0.347, 0.136, 0.140, 1.90, 2.00, 0.14;...
                 0.347, 0.131, 0.134, 1.64, 1.64, 0.12;...
                 0.653, 0.142, 0.146, 2.06, 2.10, 0.38;...
                 0.653, 0.141, 0.148, 1.88, 2.48, 0.36;...
                 0.653, 0.138, 0.144, 1.75, 2.48, 0.33;...
                 0.653, 0.144, 0.148, 1.66, 2.05, 0.29;...
                 0.653, 0.140, 0.145, 1.55, 2.05, 0.28;...
                 0.653, 0.137, 0.142, 1.37, 1.57, 0.22;...
                 0.488, 0.138, 0.141, 2.14, 2.48, 0.30;...
                 0.488, 0.139, 0.142, 2.07, 2.10, 0.29;...
                 0.488, 0.141, 0.142, 2.00, 2.05, 0.29;...
                 0.488, 0.137, 0.143, 2.04, 2.48, 0.29;...
                 0.488, 0.137, 0.144, 1.93, 2.48, 0.28;...
                 0.488, 0.139, 0.144, 1.81, 1.57, 0.27;...
                 0.488, 0.133, 0.141, 1.94, 2.48, 0.28;...
                 0.488, 0.131, 0.139, 1.80, 2.48, 0.27;...
                 0.488, 0.130, 0.137, 1.65, 1.28, 0.26;...
                 0.488, 0.142, 0.143, 1.77, 2.05, 0.28;...
                 0.488, 0.140, 0.143, 1.72, 2.05, 0.27;...
                 0.488, 0.141, 0.142, 1.66, 1.57, 0.26;...
                 0.488, 0.137, 0.142, 1.68, 2.05, 0.27;...
                 0.488, 0.134, 0.139, 1.60, 2.05, 0.27;...
                 0.488, 0.132, 0.137, 1.51, 1.28, 0.25;...
                 0.488, 0.135, 0.138, 1.46, 1.57, 0.23;...
                 0.488, 0.134, 0.136, 1.42, 1.57, 0.22;...
                 0.488, 0.132, 0.135, 1.37, 1.28, 0.22;...
                 0.394, 0.138, 0.140, 2.05, 2.48, 0.19;...
                 0.394, 0.135, 0.140, 1.95, 2.48, 0.17;...
                 0.394, 0.126, 0.135, 1.83, 2.48, 0.16;...
                 0.394, 0.137, 0.139, 1.75, 2.05, 0.17;...
                 0.394, 0.130, 0.135, 1.65, 2.05, 0.16;...
                 0.394, 0.129, 0.132, 1.48, 1.57, 0.14] ;

GentACases.name = {'A101', 'A102', 'A103', 'A104', 'A105', ...
                 'A106', 'A107', 'A108', 'A109', 'A110', ...
                 'A111', 'A112', 'A201', 'A203', 'A206', ...
                 'A211', 'A212', 'A213', 'A221', 'A222', ...
                 'A223', 'A224', 'A225', 'A226', 'A227', ...
                 'A228', 'A229', 'A230', 'A231', 'A232', ...
                 'A233', 'A234', 'A235', 'A236', 'A237', ...
                 'A238', 'A241', 'A242', 'A243', 'A244', ...
                 'A245', 'A246'} ; 

