% GentBCases.data:
% 1st column - 0.047: d_deep
% 2nd column: Hs@1
% 3rd column: Hm0@1
% 4th column: Tm-1,0@1
% 5th column: Tp@1
% 6th column: Runup 2%
GentBCases.data = [0.653, 0.144, 0.148, 2.30, 2.48, 0.49; ...
                   0.653, 0.147, 0.150, 1.85, 2.00, 0.44; ...
                   0.653, 0.145, 0.149, 1.49, 1.64, 0.39; ...
                   0.488, 0.140, 0.142, 2.28, 2.41, 0.39; ...
                   0.488, 0.142, 0.145, 1.87, 2.00, 0.36; ...
                   0.488, 0.138, 0.143, 1.54, 1.64, 0.30; ...
                   0.394, 0.138, 0.140, 2.23, 2.48, 0.21; ...
                   0.394, 0.143, 0.144, 1.88, 2.00, 0.20; ...
                   0.394, 0.136, 0.139, 1.60, 1.64, 0.18; ...
                   0.347, 0.133, 0.135, 2.21, 2.41, 0.15; ...
                   0.347, 0.136, 0.139, 1.89, 2.00, 0.15; ...
                   0.347, 0.130, 0.134, 1.64, 1.64, 0.14; ...
                   0.653, 0.143, 0.148, 2.05, 2.05, 0.45; ...
                   0.653, 0.141, 0.148, 2.01, 2.48, 0.45; ...
                   0.653, 0.143, 0.149, 1.90, 2.56, 0.43; ...
                   0.653, 0.144, 0.149, 1.76, 1.54, 0.41; ...
                   0.653, 0.138, 0.147, 1.92, 2.48, 0.43; ...
                   0.653, 0.137, 0.145, 1.76, 2.56, 0.40; ...
                   0.653, 0.137, 0.143, 1.61, 1.28, 0.38; ...
                   0.653, 0.134, 0.143, 1.89, 2.48, 0.42; ...
                   0.653, 0.128, 0.138, 1.73, 2.48, 0.38; ...
                   0.653, 0.124, 0.133, 1.56, 2.48, 0.36; ...
                   0.653, 0.145, 0.148, 1.67, 2.05, 0.41; ...
                   0.653, 0.141, 0.145, 1.55, 2.05, 0.38; ...
                   0.653, 0.142, 0.145, 1.38, 1.57, 0.35; ...
                   0.394, 0.137, 0.140, 2.05, 2.10, 0.20; ...
                   0.394, 0.135, 0.140, 1.95, 2.48, 0.20; ...
                   0.394, 0.126, 0.135, 1.84, 2.48, 0.18; ...
                   0.394, 0.138, 0.140, 1.74, 2.04, 0.19; ...
                   0.394, 0.130, 0.135, 1.64, 2.05, 0.19; ...
                   0.394, 0.130, 0.132, 1.48, 1.54, 0.17] ;

GentBCases.name = {'B101', 'B102', 'B103', 'B104', 'B105', ...
                   'B106', 'B107', 'B108', 'B109', 'B110', ...
                   'B111', 'B112', 'B201', 'B202', 'B203', ...
                   'B204', 'B205', 'B206', 'B207', 'B208', ...
                   'B209', 'B210', 'B211', 'B212', 'B213', ...
                   'B241', 'B242', 'B243', 'B244', 'B245', ...
                   'B246'};